4.995
4.995
4.995
4.995
4.995
4.995
4.995
4.995
4.985
4.995
4.995
5
5.025
5.035
5.015
4.95
4.895
4.865
4.84
4.825
4.78
4.725
4.71
4.715
4.74
4.75
4.73
4.71
4.695
4.7
4.715
4.75
4.745
4.73
4.71
4.715
4.725
4.745
4.73
4.725
4.725
4.725
4.735
4.74
4.735
4.72
4.715
4.715
4.715
4.705
4.685
4.695
4.695
4.73
4.745
4.755
4.75
4.755
4.74
4.715
4.715
4.73
4.755
4.79
4.8
4.825
4.85
4.84
4.78
4.68
4.61
4.6
4.61
4.61
4.585
4.58
4.535
4.495
4.48
4.47
4.435
4.39
4.34
4.285
4.235
4.205
4.18
4.145
4.14
4.18
4.205
4.225
4.23
4.29
4.36
4.42
4.495
4.54
4.575
4.615
4.635
4.675
4.725
4.75
4.75
4.76
4.76
4.765
4.795
4.805
4.8
4.775
4.775
4.79
4.82
4.835
4.82
4.83
4.825
4.82
4.83
4.84
4.835
4.8
4.8
4.81
4.825
4.835
4.845
4.835
4.83
4.825
4.835
4.835
4.83
4.835
4.845
4.84
4.85
4.86
4.85
4.85
4.845
4.86
4.88
4.895
4.88
4.855
4.84
4.845
4.88
4.9
4.9
4.895
4.88
4.9
4.92
4.93
4.935
4.9
4.875
4.895
4.925
4.935
4.955
4.94
4.93
4.935
4.94
4.955
4.95
4.965
4.96
4.945
4.945
4.975
4.95
4.96
4.955
4.955
4.96
4.965
4.955
4.95
4.93
4.925
4.925
4.94
4.94
4.92
4.92
4.915
4.92
4.93
4.93
4.92
4.89
4.895
4.91
4.905
4.915
4.905
4.89
4.86
4.865
4.87
4.88
4.875
4.87
4.855
4.85
4.865
4.855
4.855
4.85
4.84
4.86
4.865
4.86
4.85
4.845
4.85
4.865
4.865
4.86
4.85
4.845
4.85
4.855
4.865
4.855
4.84
4.835
4.835
4.84
4.86
4.855
4.85
4.84
4.835
4.835
4.86
4.865
4.85
4.845
4.835
4.85
4.845
4.83
4.815
4.8
4.815
4.83
4.845
4.835
4.81
4.795
4.805
4.805
4.82
4.81
4.785
4.78
4.755
4.765
4.785
4.78
4.78
4.745
4.755
4.77
4.78
4.76
4.76
4.745
4.75
4.765
4.77
4.77
4.76
4.75
4.745
4.745
4.77
4.76
4.76
4.74
4.745
4.765
4.775
4.78
4.775
4.765
4.76
4.775
4.785
4.775
4.78
4.78
4.78
4.79
4.79
4.795
4.79
4.785
4.79
4.81
4.825
4.82
4.8
4.79
4.775
4.795
4.805
4.81
4.805
4.775
4.79
4.81
4.83
4.805
4.785
4.785
4.775
4.795
4.815
4.82
4.815
4.815
4.805
4.82
4.83
4.82
4.8
4.795
4.8
4.815
4.815
4.81
4.81
4.81
4.815
4.82
4.84
4.855
4.845
4.84
4.855
4.87
4.885
4.895
4.895
4.89
4.92
4.94
4.965
4.975
4.97
4.97
5
5.015
5.025
5.035
5.03
5.025
5.025
5.045
5.065
5.07
5.055
5.01
4.985
4.955
4.935
4.9
4.845
4.8
4.77
4.75
4.77
4.77
4.765
4.76
4.755
4.76
4.775
4.78
4.765
4.75
4.74
4.73
4.76
4.78
4.8
4.78
4.76
4.765
4.775
4.78
4.765
4.77
4.77
4.775
4.77
4.765
4.75
4.75
4.76
4.775
4.79
4.79
4.77
4.76
4.75
4.745
4.735
4.73
4.745
4.775
4.805
4.845
4.87
4.855
4.78
4.695
4.625
4.61
4.625
4.635
4.625
4.59
4.545
4.52
4.49
4.465
4.44
4.395
4.34
4.275
4.22
4.205
4.185
4.185
4.205
4.24
4.265
4.3
4.365
4.435
4.51
4.57
4.61
4.64
4.68
4.73
4.765
4.805
4.82
4.82
4.82
4.82
4.83
4.845
4.855
4.845
4.83
4.82
4.845
4.865
4.875
4.86
4.84
4.845
4.86
4.875
4.88
4.87
4.875
4.86
4.855
4.85
4.88
4.89
4.9
4.895
4.9
4.895
4.895
4.895
4.88
4.88
4.88
4.89
4.92
4.925
4.92
4.905
4.89
4.905
4.94
4.94
4.935
4.925
4.92
4.925
4.945
4.965
4.965
4.945
4.95
4.975
4.98
4.97
4.96
4.965
4.98
4.985
5.005
5
5.01
5.005
5.01
5.01
5.025
5.01
5.005
4.99
5
5.015
5.02
5.01
5.005
5
5.015
5.035
5.03
5.02
5.005
4.99
4.995
5.02
5.02
5.005
4.99
4.975
4.965
4.96
4.98
4.98
4.975
4.955
4.93
4.925
4.95
4.955
4.94
4.93
4.915
4.92
4.95
4.93
4.915
4.91
4.905
4.905
4.915
4.915
4.905
4.895
4.91
4.92
4.925
4.91
4.895
4.88
4.88
4.88
4.875
4.875
4.89
4.895
4.9
4.895
4.885
4.885
4.86
4.855
4.87
4.885
4.895
4.885
4.87
4.835
4.84
4.86
4.87
4.86
4.85
4.845
4.835
4.855
4.86
4.85
4.82
4.815
4.82
4.81
4.83
4.85
4.82
4.8
4.81
4.815
4.835
4.835
4.825
4.805
4.8
4.8
4.805
4.8
4.805
4.78
4.785
4.805
4.81
4.8
4.785
4.78
4.775
4.79
4.805
4.8
4.795
4.78
4.775
4.78
4.79
4.79
4.81
4.805
4.815
4.81
4.81
4.815
4.805
4.8
4.815
4.82
4.82
4.815
4.815
4.8
4.8
4.81
4.81
4.815
4.825
4.825
4.82
4.825
4.82
4.825
4.815
4.815
4.835
4.845
4.83
4.835
4.835
4.805
4.82
4.83
4.835
4.825
4.82
4.83
4.835
4.855
4.85
4.84
4.83
4.825
4.82
4.835
4.845
4.85
4.85
4.835
4.83
4.84
4.845
4.845
4.845
4.845
4.86
4.895
4.915
4.92
4.915
4.905
4.915
4.92
4.945
4.97
5
5.005
5.03
5.035
5.055
5.055
5.035
5.04
5.08
5.125
5.13
5.125
5.11
5.08
5.04
5
4.985
4.945
4.905
4.855
4.815
4.805
4.805
4.805
4.815
4.8
4.805
4.815
4.83
4.815
4.805
4.795
4.805
4.805
4.815
4.81
4.81
4.805
4.8
4.805
4.815
4.835
4.835
4.81
4.8
4.8
4.81
4.775
4.78
4.77
4.775
4.775
4.8
4.805
4.805
4.775
4.78
4.8
4.805
4.795
4.77
4.78
4.8
4.835
4.85
4.855
4.84
4.77
4.695
4.655
4.65
4.63
4.61
4.59
4.555
4.515
4.495
4.465
4.44
4.415
4.36
4.3
4.26
4.22
4.205
4.195
4.225
4.28
4.305
4.33
4.375
4.45
4.54
4.605
4.645
4.66
4.695
4.725
4.775
4.805
4.825
4.83
4.84
4.84
4.835
4.85
4.86
4.865
4.855
4.855
4.855
4.855
4.855
4.86
4.85
4.835
4.86
4.905
4.93
4.91
4.89
4.865
4.865
4.89
4.885
4.885
4.875
4.89
4.905
4.9
4.9
4.9
4.895
4.89
4.895
4.915
4.93
4.92
4.905
4.89
4.9
4.935
4.95
4.96
4.94
4.92
4.915
4.945
4.985
5.01
4.975
4.945
4.94
4.965
4.985
4.995
4.975
4.97
4.98
4.975
5
5.025
5.02
5
5.015
5.01
5.01
5.005
5.005
4.995
5.015
5.025
5.03
5.035
5.02
4.99
4.97
4.98
5.01
5.05
5.055
5.015
4.985
4.98
5.01
5.03
5.015
4.995
4.99
4.975
4.99
4.97
4.94
4.935
4.93
4.935
4.95
4.945
4.92
4.91
4.905
4.91
4.91
4.895
4.885
4.875
4.87
4.89
4.9
4.895
4.885
4.855
4.865
4.87
4.88
4.88
4.865
4.85
4.845
4.855
4.87
4.855
4.85
4.82
4.845
4.855
4.855
4.86
4.85
4.825
4.825
4.835
4.845
4.845
4.825
4.81
4.795
4.81
4.83
4.83
4.825
4.815
4.805
4.81
4.815
4.83
4.81
4.785
4.775
4.775
4.785
4.79
4.79
4.78
4.77
4.775
4.79
4.79
4.775
4.745
4.76
4.77
4.78
4.775
4.75
4.75
4.76
4.755
4.775
4.765
4.75
4.75
4.745
4.765
4.775
4.78
4.77
4.755
4.75
4.755
4.765
4.755
4.745
4.75
4.755
4.78
4.805
4.785
4.77
4.755
4.77
4.77
4.785
4.78
4.765
4.77
4.785
4.78
4.79
4.77
4.765
4.77
4.795
4.805
4.795
4.78
4.755
4.76
4.78
4.795
4.8
4.79
4.78
4.765
4.79
4.8
4.795
4.785
4.795
4.79
4.795
4.8
4.79
4.78
4.775
4.795
4.81
4.81
4.81
4.81
4.795
4.8
4.815
4.82
4.815
4.785
4.785
4.785
4.815
4.83
4.82
4.805
4.785
4.8
4.815
4.83
4.825
4.82
4.8
4.815
4.835
4.84
4.845
4.855
4.87
4.89
4.9
4.91
4.925
4.93
4.94
4.955
4.985
5.01
5.03
5.025
5.02
5.01
5.005
5.03
5.045
5.045
5.05
5.065
5.08
5.055
5.005
4.955
4.895
4.875
4.835
4.815
4.77
4.755
4.75
4.765
4.77
4.775
4.775
4.76
4.76
4.77
4.78
4.785
4.765
4.755
4.74
4.75
4.765
4.79
4.78
4.77
4.765
4.765
4.77
4.78
4.775
4.765
4.76
4.77
4.77
4.79
4.785
4.765
4.755
4.765
4.765
4.77
4.775
4.78
4.78
4.77
4.76
4.75
4.74
4.775
4.795
4.84
4.88
4.9
4.875
4.8
4.68
4.605
4.605
4.61
4.62
4.615
4.565
4.52
4.485
4.47
4.445
4.415
4.375
4.335
4.275
4.25
4.22
4.185
4.175
4.21
4.25
4.275
4.3
4.355
4.43
4.51
4.57
4.605
4.645
4.68
4.735
4.75
4.79
4.815
4.84
4.84
4.825
4.815
4.83
4.84
4.83
4.83
4.83
4.835
4.845
4.85
4.835
4.84
4.82
4.82
4.85
4.865
4.86
4.86
4.84
4.85
4.85
4.865
4.85
4.86
4.84
4.845
4.85
4.87
4.88
4.885
4.855
4.855
4.875
4.875
4.88
4.88
4.875
4.885
4.915
4.935
4.92
4.915
4.9
4.905
4.915
4.92
4.92
4.925
4.925
4.935
4.94
4.94
4.95
4.95
4.93
4.925
4.96
4.97
4.985
4.96
4.95
4.96
4.97
4.99
4.99
4.97
4.965
4.96
4.97
4.96
4.96
4.97
4.975
4.97
4.97
4.98
4.965
4.97
4.945
4.94
4.95
4.945
4.94
4.92
4.905
4.905
4.91
4.92
4.91
4.905
4.885
4.875
4.88
4.87
4.865
4.87
4.855
4.86
4.87
4.865
4.88
4.88
4.865
4.855
4.85
4.865
4.865
4.87
4.87
4.865
4.86
4.875
4.87
4.87
4.845
4.855
4.855
4.87
4.865
4.85
4.845
4.85
4.84
4.855
4.855
4.84
4.835
4.83
4.85
4.86
4.845
4.82
4.825
4.845
4.845
4.845
4.845
4.83
4.805
4.815
4.805
4.83
4.835
4.815
4.81
4.8
4.815
4.805
4.81
4.775
4.765
4.77
4.785
4.805
4.805
4.77
4.77
4.785
4.785
4.795
4.795
4.78
4.77
4.765
4.77
4.785
4.785
4.78
4.745
4.75
4.775
4.81
4.815
4.8
4.785
4.79
4.805
4.82
4.83
4.815
4.8
4.81
4.8
4.81
4.805
4.79
4.8
4.8
4.81
4.83
4.815
4.82
4.805
4.805
4.8
4.81
4.815
4.815
4.81
4.825
4.84
4.84
4.83
4.805
4.78
4.78
4.805
4.85
4.86
4.85
4.83
4.835
4.83
4.84
4.84
4.82
4.82
4.81
4.83
4.84
4.835
4.83
4.815
4.81
4.84
4.86
4.865
4.88
4.875
4.885
4.9
4.905
4.91
4.92
4.935
4.95
4.98
4.995
5.005
5.015
5.02
5.04
5.055
5.065
5.06
5.06
5.06
5.055
5.06
5.065
5.05
5.03
4.975
4.93
4.895
4.85
4.81
4.775
4.76
4.76
4.775
4.8
4.805
4.795
4.78
4.775
4.775
4.78
4.775
4.75
4.755
4.775
4.785
4.805
4.795
4.775
4.75
4.76
4.785
4.78
4.78
4.785
4.76
4.76
4.77
4.79
4.785
4.795
4.785
4.78
4.775
4.795
4.795
4.78
4.745
4.73
4.75
4.79
4.81
4.82
4.83
4.825
4.775
4.675
4.625
4.595
4.59
4.605
4.595
4.58
4.525
4.48
4.43
4.41
4.39
4.36
4.295
4.245
4.205
4.2
4.205
4.24
4.255
4.27
4.285
4.35
4.455
4.535
4.59
4.635
4.665
4.715
4.765
4.795
4.82
4.825
4.82
4.82
4.83
4.845
4.84
4.835
4.835
4.855
4.875
4.875
4.87
4.84
4.82
4.845
4.89
4.905
4.91
4.9
4.88
4.87
4.865
4.875
4.88
4.87
4.875
4.875
4.885
4.89
4.9
4.895
4.89
4.915
4.92
4.93
4.935
4.94
4.925
4.91
4.905
4.93
4.94
4.945
4.935
4.925
4.94
4.96
4.975
4.96
4.955
4.975
4.975
4.99
4.96
4.95
4.935
4.96
5.005
5.02
5.015
4.995
4.985
5.015
5.05
5.075
5.075
5.02
5.005
5.015
5.025
5.05
5.045
5.03
5.005
4.99
4.995
5.025
5.015
4.975
4.995
5.02
5.02
5
4.965
4.955
4.945
4.935
4.95
4.95
4.925
4.885
4.88
4.92
4.955
4.97
4.94
4.915
4.9
4.935
4.95
4.96
4.96
4.93
4.895
4.9
4.92
4.925
4.905
4.93
4.92
4.91
4.905
4.91
4.905
4.9
4.915
4.925
4.945
4.97
4.95
4.92
4.89
4.885
4.895
4.91
4.91
4.905
4.89
4.895
4.9
4.895
4.885
4.88
4.875
4.88
4.875
4.87
4.86
4.845
4.83
4.85
4.89
4.87
4.84
4.815
4.825
4.81
4.79
4.77
4.78
4.775
4.745
4.71
4.775
4.86
4.87
4.82
4.82
4.845
4.875
4.89
4.875
4.84
4.835
4.885
4.925
4.92
4.895
4.88
4.88
4.89
4.895
4.89
4.885
4.875
4.855
4.87
4.9
4.895
4.9
4.88
4.865
4.86
4.885
4.895
4.89
4.875
4.875
4.875
4.89
4.89
4.895
4.875
4.865
4.87
4.885
4.91
4.9
4.865
4.855
4.855
4.86
4.89
4.895
4.895
4.85
4.865
4.855
4.86
4.85
4.87
4.885
4.895
4.87
4.835
4.82
4.85
4.915
5
5.015
4.975
4.975
4.98
4.975
4.97
4.96
4.975
5.01
5.03
5.025
5.04
5.055
5.075
5.085
5.075
5.085
5.105
5.115
5.12
5.105
5.12
5.125
5.13
5.13
5.125
5.09
5.04
4.99
4.955
4.915
4.87
4.84
4.835
4.845
4.88
4.9
4.875
4.84
4.805
4.79
4.82
4.855
4.87
4.855
4.81
4.755
4.73
4.73
4.76
4.82
4.865
4.85
4.825
4.835
4.815
4.795
4.84
4.89
4.915
4.89
4.865
4.865
4.85
4.82
4.81
4.84
4.855
4.86
4.82
4.735
4.69
4.72
4.76
4.74
4.72
4.695
4.655
4.61
4.56
4.53
4.545
4.53
4.51
4.49
4.445
4.415
4.39
4.385
4.37
4.34
4.28
4.215
4.175
4.165
4.22
4.295
4.36
4.39
4.42
4.485
4.555
4.62
4.67
4.715
4.805
4.885
4.905
4.91
4.925
4.925
4.925
4.895
4.905
4.915
4.945
4.93
4.905
4.885
4.89
4.915
4.93
4.94
4.955
4.97
4.97
4.945
4.905
4.86
4.885
4.935
5.005
5.045
5.055
5.02
4.995
4.98
4.955
4.98
4.975
4.985
4.99
4.99
4.995
5
5.01
5.01
5.01
4.99
5
5.025
5.05
5.06
5.06
5.06
5.045
5.04
5.045
5.05
5.055
5.055
5.055
5.05
5.05
5.045
5.085
5.105
5.09
5.065
5.075
5.095
5.105
5.1
5.115
5.125
5.11
5.11
5.11
5.11
5.105
5.11
5.11
5.08
5.055
5.04
5.03
5.03
5.065
5.085
5.08
5.045
5.02
5.03
5.045
5.05
5.035
5.005
4.99
4.995
4.995
4.985
4.96
4.95
4.96
4.96
4.955
4.965
4.95
4.94
4.94
4.945
4.94
4.935
4.925
4.915
4.91
4.905
4.915
4.92
4.91
4.91
4.905
4.895
4.895
4.865
4.87
4.865
4.875
4.87
4.87
4.88
4.905
4.91
4.9
4.89
4.895
4.895
4.875
4.85
4.86
4.865
4.875
4.875
4.855
4.835
4.835
4.83
4.835
4.82
4.81
4.805
4.805
4.815
4.815
4.805
4.78
4.77
4.77
4.79
4.795
4.795
4.785
4.75
4.75
4.75
4.775
4.775
4.77
4.755
4.745
4.755
4.765
4.76
4.76
4.765
4.775
4.755
4.715
4.71
4.755
4.79
4.8
4.79
4.76
4.75
4.75
4.75
4.75
4.75
4.755
4.745
4.75
4.74
4.76
4.775
4.78
4.79
4.785
4.76
4.75
4.77
4.78
4.77
4.75
4.73
4.735
4.76
4.77
4.77
4.77
4.76
4.765
4.78
4.765
4.76
4.745
4.76
4.765
4.755
4.745
4.74
4.75
4.765
4.77
4.77
4.76
4.755
4.745
4.745
4.765
4.77
4.775
4.775
4.755
4.75
4.78
4.815
4.82
4.8
4.78
4.79
4.83
4.86
4.86
4.845
4.835
4.83
4.825
4.85
4.88
4.945
4.97
4.965
4.965
4.98
5
4.995
4.985
4.995
4.995
5.005
5.02
5.015
4.985
4.945
4.92
4.91
4.885
4.84
4.78
4.73
4.71
4.715
4.735
4.74
4.735
4.725
4.74
4.75
4.755
4.735
4.725
4.72
4.75
4.75
4.75
4.75
4.745
4.735
4.72
4.73
4.76
4.755
4.74
4.725
4.715
4.73
4.755
4.765
4.76
4.74
4.73
4.755
4.775
4.765
4.73
4.675
4.675
4.705
4.735
4.73
4.725
4.695
4.655
4.575
4.51
4.48
4.48
4.47
4.465
4.44
4.4
4.36
4.3
4.26
4.28
4.27
4.22
4.175
4.135
4.12
4.16
4.225
4.265
4.28
4.315
4.375
4.455
4.5
4.555
4.6
4.675
4.72
4.765
4.775
4.785
4.79
4.785
4.78
4.805
4.825
4.835
4.835
4.81
4.795
4.805
4.835
4.845
4.84
4.82
4.805
4.82
4.815
4.835
4.855
4.845
4.84
4.84
4.845
4.84
4.83
4.82
4.81
4.835
4.87
4.9
4.895
4.875
4.855
4.87
4.88
4.895
4.895
4.905
4.895
4.9
4.905
4.92
4.92
4.92
4.915
4.915
4.915
4.93
4.925
4.93
4.915
4.93
4.96
4.985
4.995
4.975
4.965
4.98
4.98
4.99
4.985
4.97
4.965
4.97
4.995
5.02
5.01
5.01
4.98
4.99
4.99
5.01
4.99
5
4.97
4.975
4.985
4.985
4.965
4.945
4.955
4.98
4.985
4.97
4.945
4.92
4.915
4.92
4.93
4.93
4.905
4.905
4.875
4.885
4.875
4.875
4.87
4.865
4.855
4.87
4.89
4.89
4.87
4.86
4.84
4.86
4.855
4.855
4.825
4.805
4.82
4.865
4.895
4.89
4.86
4.835
4.81
4.815
4.84
4.86
4.875
4.87
4.84
4.84
4.835
4.845
4.84
4.84
4.825
4.815
4.835
4.845
4.845
4.825
4.805
4.81
4.83
4.845
4.825
4.81
4.795
4.815
4.82
4.84
4.81
4.8
4.79
4.815
4.81
4.815
4.805
4.775
4.775
4.78
4.79
4.8
4.79
4.775
4.77
4.77
4.775
4.775
4.775
4.75
4.735
4.745
4.77
4.785
4.795
4.775
4.755
4.74
4.735
4.745
4.75
4.755
4.765
4.77
4.775
4.79
4.775
4.76
4.755
4.77
4.77
4.77
4.755
4.745
4.735
4.745
4.77
4.795
4.8
4.795
4.78
4.78
4.785
4.79
4.79
4.805
4.79
4.79
4.795
4.8
4.8
4.79
4.785
4.8
4.795
4.82
4.81
4.805
4.795
4.8
4.81
4.815
4.82
4.81
4.805
4.815
4.82
4.83
4.84
4.82
4.805
4.805
4.815
4.83
4.815
4.815
4.805
4.805
4.81
4.83
4.825
4.81
4.805
4.815
4.825
4.82
4.815
4.83
4.805
4.8
4.82
4.875
4.9
4.91
4.9
4.9
4.91
4.93
4.92
4.95
4.955
4.99
5
5.01
5.035
5.025
5.025
5.02
5.025
5.035
5.045
5.05
5.06
5.06
5.075
5.05
5.015
4.96
4.92
4.905
4.87
4.84
4.8
4.785
4.77
4.775
4.79
4.78
4.78
4.76
4.76
4.74
4.76
4.8
4.82
4.805
4.79
4.775
4.77
4.79
4.78
4.76
4.77
4.77
4.775
4.775
4.77
4.76
4.755
4.765
4.78
4.785
4.78
4.78
4.785
4.77
4.77
4.765
4.77
4.77
4.745
4.73
4.745
4.74
4.72
4.7
4.695
4.705
4.705
4.73
4.735
4.685
4.59
4.535
4.51
4.535
4.545
4.515
4.485
4.455
4.42
4.395
4.36
4.33
4.325
4.32
4.27
4.21
4.165
4.155
4.145
4.17
4.21
4.25
4.28
4.31
4.345
4.425
4.505
4.565
4.61
4.635
4.68
4.76
4.785
4.805
4.825
4.835
4.835
4.835
4.845
4.855
4.875
4.865
4.86
4.86
4.88
4.895
4.875
4.87
4.85
4.85
4.87
4.88
4.9
4.875
4.87
4.88
4.89
4.9
4.9
4.9
4.885
4.905
4.905
4.905
4.92
4.905
4.9
4.905
4.895
4.905
4.905
4.9
4.89
4.91
4.925
4.92
4.92
4.935
4.94
4.95
4.94
4.93
4.935
4.945
4.925
4.95
4.955
4.98
4.99
4.99
4.99
4.985
4.99
4.985
4.995
5
5.005
5.005
4.99
5.005
5.005
5.01
5.005
5.035
5.05
5.04
5.04
5.015
5.005
5.005
5.005
5
5
5
4.995
4.99
4.99
4.985
4.98
4.965
4.965
4.975
4.975
4.965
4.93
4.915
4.9
4.91
4.905
4.89
4.88
4.875
4.88
4.87
4.865
4.89
4.885
4.87
4.84
4.85
4.855
4.855
4.835
4.845
4.84
4.865
4.86
4.85
4.845
4.83
4.83
4.815
4.805
4.815
4.82
4.82
4.82
4.82
4.84
4.84
4.84
4.82
4.81
4.815
4.82
4.83
4.81
4.775
4.765
4.785
4.805
4.8
4.795
4.78
4.775
4.755
4.765
4.8
4.8
4.78
4.765
4.77
4.79
4.81
4.805
4.785
4.755
4.75
4.765
4.775
4.775
4.74
4.715
4.725
4.73
4.74
4.735
4.73
4.71
4.72
4.72
4.71
4.715
4.725
4.72
4.735
4.73
4.73
4.725
4.71
4.71
4.715
4.74
4.735
4.715
4.71
4.705
4.72
4.725
4.72
4.725
4.725
4.71
4.71
4.72
4.735
4.745
4.745
4.73
4.72
4.735
4.74
4.745
4.73
4.72
4.745
4.75
4.74
4.72
4.72
4.745
4.775
4.79
4.79
4.76
4.73
4.715
4.745
4.77
4.775
4.76
4.765
4.755
4.77
4.785
4.77
4.76
4.76
4.75
4.765
4.78
4.775
4.78
4.77
4.755
4.74
4.75
4.77
4.795
4.79
4.77
4.76
4.77
4.77
4.795
4.81
4.785
4.775
4.77
4.775
4.765
4.77
4.76
4.765
4.775
4.78
4.785
4.775
4.755
4.73
4.74
4.78
4.84
4.86
4.84
4.84
4.845
4.86
4.86
4.85
4.835
4.875
4.89
4.915
4.925
4.935
4.94
4.98
4.99
5.015
4.99
4.97
4.975
5
5.015
5.05
5.04
5.035
4.985
4.91
4.87
4.86
4.835
4.805
4.76
4.745
4.735
4.755
4.75
4.75
4.725
4.735
4.75
4.745
4.73
4.725
4.72
4.73
4.735
4.735
4.74
4.72
4.72
4.735
4.745
4.76
4.745
4.73
4.73
4.715
4.72
4.73
4.755
4.735
4.725
4.72
4.725
4.73
4.735
4.735
4.72
4.735
4.745
4.735
4.715
4.67
4.68
4.705
4.725
4.745
4.74
4.725
4.655
4.58
4.52
4.5
4.48
4.465
4.47
4.47
4.44
4.385
4.34
4.3
4.265
4.265
4.23
4.185
4.135
4.105
4.1
4.105
4.135
4.19
4.235
4.24
4.285
4.38
4.465
4.535
4.575
4.595
4.615
4.67
4.73
4.785
4.805
4.81
4.8
4.81
4.82
4.835
4.835
4.835
4.815
4.83
4.84
4.84
4.845
4.84
4.82
4.83
4.845
4.86
4.855
4.85
4.84
4.835
4.835
4.845
4.87
4.87
4.86
4.84
4.855
4.87
4.86
4.865
4.865
4.86
4.875
4.875
4.88
4.89
4.885
4.895
4.895
4.92
4.91
4.895
4.885
4.89
4.895
4.92
4.94
4.935
4.935
4.93
4.92
4.935
4.95
4.96
4.95
4.95
4.965
4.965
4.97
4.97
4.955
4.96
4.97
4.97
4.97
4.97
4.975
4.985
4.975
4.97
4.975
4.97
4.955
4.97
4.99
5
4.99
4.985
4.975
4.975
4.97
4.965
4.955
4.945
4.92
4.905
4.9
4.915
4.91
4.9
4.89
4.885
4.875
4.885
4.87
4.85
4.85
4.84
4.855
4.865
4.865
4.835
4.83
4.84
4.845
4.85
4.845
4.855
4.845
4.835
4.845
4.855
4.84
4.83
4.825
4.835
4.855
4.85
4.84
4.825
4.815
4.82
4.84
4.835
4.835
4.815
4.805
4.805
4.825
4.825
4.825
4.82
4.81
4.8
4.815
4.82
4.815
4.815
4.79
4.785
4.785
4.805
4.805
4.79
4.765
4.785
4.795
4.795
4.795
4.79
4.765
4.76
4.77
4.77
4.775
4.765
4.74
4.745
4.75
4.755
4.75
4.735
4.715
4.72
4.725
4.75
4.75
4.73
4.71
4.72
4.715
4.735
4.755
4.745
4.725
4.715
4.72
4.74
4.755
4.755
4.735
4.725
4.72
4.735
4.745
4.73
4.74
4.765
4.78
4.76
4.74
4.73
4.74
4.755
4.755
4.765
4.765
4.75
4.745
4.735
4.745
4.745
4.745
4.775
4.775
4.77
4.77
4.77
4.765
4.775
4.765
4.77
4.765
4.765
4.75
4.76
4.755
4.76
4.77
4.775
4.76
4.765
4.745
4.76
4.765
4.76
4.755
4.76
4.755
4.76
4.77
4.78
4.785
4.785
4.77
4.79
4.81
4.8
4.81
4.815
4.8
4.81
4.835
4.845
4.855
4.9
4.93
4.95
4.935
4.945
4.965
4.97
4.965
4.965
4.975
5
5.02
5.01
4.98
4.97
4.935
4.91
4.875
4.835
4.795
4.75
4.725
4.72
4.7
4.71
4.705
4.695
4.715
4.715
4.715
4.705
4.695
4.68
4.68
4.71
4.725
4.715
4.69
4.69
4.695
4.715
4.7
4.71
4.715
4.72
4.72
4.72
4.7
4.69
4.68
4.69
4.7
4.695
4.71
4.72
4.7
4.705
4.705
4.71
4.695
4.675
4.645
4.66
4.7
4.74
4.73
4.71
4.715
4.685
4.615
4.515
4.47
4.455
4.455
4.44
4.43
4.425
4.38
4.325
4.275
4.235
4.22
4.205
4.155
4.1
4.05
4.055
4.075
4.115
4.165
4.195
4.205
4.245
4.33
4.425
4.49
4.52
4.545
4.605
4.68
4.725
4.74
4.735
4.735
4.745
4.76
4.78
4.79
4.78
4.77
4.77
4.79
4.795
4.79
4.785
4.785
4.795
4.815
4.825
4.825
4.815
4.8
4.8
4.79
4.81
4.815
4.825
4.81
4.82
4.82
4.83
4.84
4.835
4.83
4.84
4.855
4.87
4.86
4.85
4.84
4.86
4.865
4.85
4.855
4.865
4.875
4.885
4.88
4.89
4.91
4.91
4.9
4.895
4.905
4.915
4.915
4.915
4.91
4.92
4.91
4.93
4.93
4.93
4.92
4.91
4.905
4.945
4.965
4.955
4.935
4.94
4.955
4.97
4.97
4.955
4.94
4.93
4.94
4.935
4.91
4.9
4.885
4.885
4.89
4.895
4.88
4.865
4.855
4.845
4.855
4.85
4.835
4.825
4.81
4.815
4.82
4.815
4.815
4.795
4.755
4.775
4.79
4.805
4.785
4.8
4.77
4.785
4.78
4.79
4.78
4.77
4.765
4.745
4.76
4.785
4.785
4.78
4.76
4.765
4.76
4.775
4.77
4.77
4.755
4.765
4.76
4.775
4.765
4.765
4.755
4.745
4.755
4.77
4.76
4.775
4.75
4.755
4.77
4.78
4.77
4.75
4.735
4.73
4.745
4.755
4.745
4.725
4.715
4.71
4.715
4.72
4.72
4.715
4.695
4.71
4.715
4.735
4.725
4.715
4.71
4.7
4.71
4.71
4.715
4.72
4.71
4.7
4.705
4.705
4.69
4.695
4.69
4.685
4.695
4.705
4.71
4.725
4.71
4.69
4.67
4.7
4.695
4.7
4.685
4.7
4.695
4.7
4.69
4.695
4.695
4.72
4.725
4.715
4.71
4.72
4.725
4.74
4.75
4.745
4.735
4.715
4.71
4.71
4.715
4.73
4.725
4.71
4.7
4.73
4.735
4.74
4.745
4.74
4.725
4.73
4.735
4.73
4.72
4.705
4.72
4.71
4.725
4.72
4.725
4.715
4.725
4.75
4.755
4.76
4.75
4.735
4.725
4.73
4.745
4.755
4.745
4.725
4.73
4.735
4.745
4.755
4.76
4.75
4.74
4.76
4.8
4.83
4.835
4.81
4.81
4.835
4.86
4.88
4.9
4.91
4.915
4.91
4.935
4.97
4.985
4.98
4.96
4.95
4.975
4.99
4.995
5
4.99
4.98
4.94
4.89
4.85
4.81
4.765
4.71
4.695
4.7
4.71
4.71
4.71
4.715
4.725
4.72
4.72
4.7
4.705
4.705
4.7
4.69
4.68
4.69
4.7
4.705
4.72
4.715
4.71
4.705
4.705
4.71
4.72
4.725
4.715
4.71
4.7
4.705
4.71
4.71
4.72
4.715
4.695
4.715
4.73
4.735
4.73
4.705
4.685
4.69
4.735
4.76
4.755
4.745
4.735
4.7
4.615
4.55
4.5
4.5
4.485
4.485
4.475
4.44
4.395
4.355
4.335
4.3
4.295
4.26
4.225
4.19
4.16
4.14
4.135
4.135
4.18
4.225
4.24
4.27
4.34
4.43
4.495
4.52
4.545
4.58
4.635
4.685
4.75
4.785
4.785
4.8
4.815
4.815
4.815
4.8
4.79
4.78
4.805
4.83
4.845
4.84
4.825
4.825
4.835
4.85
4.855
4.86
4.845
4.855
4.85
4.845
4.845
4.85
4.85
4.86
4.855
4.865
4.87
4.855
4.85
4.86
4.875
4.865
4.86
4.87
4.87
4.895
4.905
4.905
4.9
4.895
4.9
4.925
4.91
4.91
4.91
4.915
4.91
4.915
4.935
4.94
4.95
4.945
4.94
4.945
4.96
4.965
4.965
4.96
4.965
4.965
4.97
4.975
4.975
4.965
4.955
4.95
4.98
4.99
4.985
4.97
4.955
4.965
4.96
4.95
4.945
4.935
4.92
4.93
4.92
4.92
4.915
4.91
4.895
4.895
4.895
4.905
4.89
4.885
4.87
4.87
4.875
4.875
4.865
4.855
4.84
4.85
4.855
4.87
4.87
4.855
4.84
4.845
4.855
4.86
4.845
4.835
4.83
4.84
4.86
4.865
4.855
4.855
4.85
4.84
4.85
4.865
4.855
4.84
4.835
4.83
4.835
4.845
4.845
4.845
4.84
4.85
4.85
4.85
4.845
4.82
4.83
4.825
4.84
4.84
4.82
4.8
4.8
4.81
4.825
4.82
4.81
4.815
4.8
4.8
4.79
4.795
4.795
4.8
4.775
4.795
4.805
4.81
4.805
4.78
4.785
4.785
4.795
4.795
4.78
4.78
4.77
4.77
4.79
4.8
4.815
4.79
4.78
4.8
4.815
4.82
4.81
4.795
4.795
4.79
4.81
4.825
4.815
4.8
4.775
4.81
4.805
4.805
4.81
4.815
4.805
4.81
4.82
4.825
4.815
4.82
4.8
4.805
4.81
4.825
4.82
4.8
4.8
4.795
4.815
4.83
4.84
4.825
4.81
4.815
4.835
4.84
4.84
4.825
4.81
4.835
4.835
4.855
4.845
4.84
4.835
4.835
4.85
4.86
4.855
4.86
4.865
4.865
4.905
4.91
4.905
4.9
4.9
4.915
4.93
4.95
4.98
4.99
5
5.02
5.04
5.055
5.06
5.06
5.05
5.06
5.085
5.11
5.085
5.085
5.055
5.01
4.98
4.94
4.92
4.865
4.82
4.805
4.805
4.82
4.815
4.805
4.81
4.815
4.83
4.82
4.805
4.8
4.8
4.8
4.815
4.805
4.8
4.8
4.805
4.815
4.83
4.84
4.82
4.8
4.81
4.825
4.825
4.83
4.82
4.81
4.8
4.815
4.825
4.825
4.81
4.81
4.8
4.825
4.835
4.825
4.8
4.79
4.805
4.84
4.85
4.865
4.85
4.77
4.69
4.625
4.61
4.605
4.605
4.59
4.54
4.5
4.465
4.445
4.4
4.355
4.29
4.27
4.24
4.245
4.235
4.255
4.28
4.335
4.36
4.415
4.49
4.585
4.62
4.675
4.72
4.77
4.82
4.865
4.865
4.895
4.905
4.905
4.915
4.9
4.89
4.91
4.92
4.94
4.94
4.92
4.915
4.925
4.93
4.945
4.945
4.95
4.94
4.95
4.96
4.95
4.955
4.955
4.94
4.94
4.935
4.96
4.96
4.965
4.95
4.955
4.96
4.98
4.98
4.98
4.975
4.995
5.01
5.005
5.015
4.995
4.995
5.005
5.025
5.04
5.035
5.025
5.035
5.045
5.065
5.07
5.07
5.05
5.045
5.075
5.08
5.075
5.07
5.075
5.085
5.09
5.11
5.11
5.105
5.09
5.065
5.065
5.08
5.085
5.07
5.06
5.035
5.035
5.055
5.045
5.04
5.025
5.005
4.99
4.99
4.99
4.97
4.965
4.925
4.95
4.955
4.965
4.96
4.945
4.94
4.94
4.935
4.94
4.93
4.93
4.95
4.93
4.93
4.93
4.93
4.915
4.915
4.915
4.925
4.935
4.94
4.93
4.91
4.905
4.92
4.925
4.91
4.91
4.88
4.9
4.91
4.905
4.91
4.895
4.87
4.89
4.895
4.9
4.895
4.89
4.87
4.875
4.88
4.88
4.875
4.87
4.87
4.885
4.9
4.875
4.85
4.85
4.855
4.865
4.875
4.87
4.85
4.815
4.765
4.73
4.705
4.695
4.67
4.66
4.665
4.695
4.73
4.765
4.83
4.895
4.935
4.995
5.055
5.11
5.155
5.185
5.25
5.34
5.375
5.31
5.25
5.265
5.33
5.365
5.325
5.24
5.155
5.09
4.975
4.81
4.64
4.54
4.53
4.595
4.7
4.795
4.835
4.83
4.825
4.805
4.785
4.775
4.795
4.8
4.805
4.79
4.775
4.795
4.79
4.79
4.775
4.785
4.775
4.78
4.79
4.795
4.795
4.775
4.76
4.77
4.78
4.78
4.775
4.755
4.755
4.74
4.755
4.765
4.76
4.75
4.755
4.75
4.775
4.76
4.76
4.76
4.77
4.77
4.785
4.805
4.82
4.815
4.805
4.815
4.835
4.84
4.845
4.845
4.88
4.905
4.935
4.93
4.935
4.94
4.95
4.95
4.945
4.955
4.96
4.965
4.985
5
5
4.96
4.91
4.86
4.82
4.81
4.775
4.745
4.7
4.675
4.665
4.695
4.7
4.715
4.705
4.7
4.7
4.695
4.71
4.725
4.725
4.72
4.715
4.725
4.735
4.74
4.74
4.745
4.755
4.755
4.78
4.785
4.785
4.775
4.77
4.775
4.785
4.805
4.795
4.8
4.805
4.8
4.795
4.795
4.81
4.815
4.8
4.805
4.805
4.805
4.805
4.805
4.79
4.795
4.795
4.805
4.8
4.785
4.785
4.8
4.815
4.82
4.825
4.81
4.8
4.81
4.815
4.81
4.81
4.805
4.805
4.815
4.835
4.845
4.84
4.825
4.825
4.82
4.84
4.845
4.84
4.825
4.83
4.835
4.84
4.835
4.855
4.87
4.85
4.84
4.855
4.875
4.855
4.85
4.855
4.865
4.885
4.895
4.875
4.865
4.86
4.875
4.88
4.895
4.88
4.89
4.89
4.895
4.89
4.87
4.855
4.86
4.865
4.885
4.905
4.91
4.895
4.88
4.86
4.88
4.88
4.885
4.89
4.9
4.9
4.89
4.885
4.89
4.89
4.88
4.87
4.875
4.89
4.89
4.89
4.885
4.865
4.895
4.89
4.91
4.915
4.91
4.9
4.9
4.925
4.93
4.92
4.92
4.915
4.915
4.915
4.93
4.925
4.93
4.92
4.905
4.91
4.925
4.925
4.92
4.915
4.92
4.93
4.935
4.93
4.935
4.925
4.92
4.915
4.925
4.93
4.94
4.915
4.92
4.92
4.925
4.92
4.915
4.9
4.905
4.925
4.94
4.965
4.965
4.945
4.935
4.94
4.955
4.94
4.92
4.92
4.925
4.93
4.93
4.935
4.94
4.93
4.93
4.925
4.925
4.925
4.925
4.925
4.945
4.95
4.945
4.93
4.93
4.925
4.93
4.93
4.94
4.935
4.925
4.925
4.935
4.94
4.94
4.95
4.935
4.935
4.945
4.95
4.96
4.935
4.94
4.91
4.915
4.94
4.935
4.94
4.93
4.935
4.94
4.95
4.945
4.945
4.94
4.94
4.945
4.94
4.915
4.94
4.92
4.925
4.935
4.94
4.95
4.95
4.94
4.94
4.955
4.96
4.945
4.93
4.93
4.93
4.93
4.945
4.95
4.945
4.935
4.92
4.93
4.95
4.95
4.96
4.95
4.925
4.935
4.945
4.945
4.95
4.95
4.925
4.915
4.93
4.945
4.93
4.93
4.93
4.935
4.935
4.96
4.945
4.935
4.935
4.945
4.95
4.96
4.955
4.95
4.94
4.94
4.935
4.955
4.945
4.93
4.94
4.935
4.95
4.95
4.95
4.95
4.945
4.96
4.955
4.95
4.935
4.925
4.935
4.935
4.945
4.945
4.955
4.935
4.945
4.955
4.95
4.965
4.945
4.93
4.925
4.95
4.98
5.015
5.005
5
5.01
5.02
5.035
5.045
5.055
5.07
5.08
5.1
5.13
5.14
5.145
5.145
5.145
5.155
5.165
5.185
5.185
5.19
5.185
5.195
5.16
5.115
5.065
5.005
4.975
4.94
4.915
4.905
4.895
4.89
4.9
4.905
4.915
4.915
4.895
4.895
4.88
4.89
4.9
4.915
4.905
4.885
4.875
4.88
4.905
4.9
4.89
4.875
4.88
4.89
4.91
4.905
4.9
4.895
4.885
4.895
4.895
4.915
4.91
4.905
4.885
4.88
4.895
4.92
4.94
4.945
4.93
4.945
4.93
4.855
4.765
4.71
4.7
4.7
4.69
4.675
4.64
4.58
4.55
4.53
4.49
4.46
4.435
4.41
4.375
4.365
4.355
4.34
4.335
4.36
4.38
4.395
4.395
4.435
4.525
4.625
4.69
4.735
4.76
4.77
4.815
4.855
4.905
4.93
4.945
4.965
4.995
4.975
4.955
4.955
4.965
4.98
4.99
4.995
4.985
4.985
4.995
4.995
4.99
4.995
4.99
4.995
5
5
4.985
4.99
4.975
4.985
4.99
4.99
4.995
4.99
4.975
4.98
4.995
5.005
4.995
4.975
4.98
4.99
4.99
4.99
4.995
4.995
5.005
5.02
5.04
5.05
5.05
5.045
5.035
5.025
5.04
5.06
5.06
5.05
5.045
5.04
5.03
5.035
5.05
5.065
5.075
5.07
5.07
5.075
5.075
5.08
5.08
5.09
5.1
5.1
5.08
5.075
5.065
5.08
5.095
5.1
5.1
5.08
5.075
5.06
5.075
5.08
5.065
5.07
5.065
5.075
5.09
5.075
5.065
5.06
5.05
5.065
5.065
5.065
5.06
5.05
5.055
5.05
5.05
5.045
5.03
5.025
5.01
5.015
5.035
5.03
5.02
5.005
4.99
5.01
4.995
5.02
5.01
5.005
5.005
5.005
5.015
5.01
5
4.995
4.98
4.99
5.005
5.005
5
4.99
5
4.995
5.005
4.995
4.99
4.975
4.97
4.975
4.985
5
5
4.99
4.98
4.98
5
5.01
4.99
4.98
4.975
4.99
5
4.99
4.97
4.97
4.965
4.985
4.985
4.975
4.965
4.955
4.955
4.94
4.95
4.945
4.935
4.93
4.915
4.91
4.9
4.9
4.895
4.895
4.905
4.91
4.91
4.895
4.885
4.88
4.865
4.885
4.9
4.9
4.905
4.885
4.86
4.865
4.88
4.875
4.875
4.865
4.88
4.91
4.91
4.91
4.91
4.9
4.89
4.895
4.905
4.925
4.935
4.94
4.94
4.945
4.945
4.935
4.925
4.92
4.92
4.92
4.93
4.92
4.925
4.935
4.935
4.93
4.94
4.94
4.94
4.94
4.95
4.96
4.955
4.94
4.945
4.94
4.93
4.945
4.955
4.97
4.955
4.94
4.93
4.945
4.95
4.955
4.945
4.945
4.94
4.95
4.955
4.945
4.95
4.945
4.935
4.935
4.94
4.95
4.96
4.975
4.975
4.98
4.98
4.975
4.965
4.96
4.965
4.98
5.015
4.995
5.01
5.015
5.015
5.035
5.04
5.05
5.055
5.065
5.07
5.085
5.105
5.13
5.175
5.175
5.175
5.18
5.175
5.165
5.175
5.165
5.16
5.155
5.155
5.17
5.14
5.095
5.055
5.02
4.98
4.945
4.9
4.875
4.89
4.915
4.94
4.94
4.925
4.915
4.91
4.915
4.925
4.93
4.915
4.905
4.905
4.93
4.925
4.92
4.915
4.9
4.905
4.905
4.91
4.92
4.9
4.9
4.9
4.91
4.905
4.905
4.91
4.92
4.935
4.925
4.925
4.915
4.915
4.905
4.92
4.91
4.89
4.87
4.87
4.895
4.925
4.955
4.96
4.945
4.91
4.83
4.745
4.715
4.69
4.695
4.695
4.68
4.645
4.61
4.57
4.55
4.5
4.48
4.44
4.435
4.41
4.37
4.33
4.295
4.285
4.315
4.365
4.395
4.41
4.435
4.51
4.6
4.675
4.725
4.75
4.785
4.82
4.875
4.925
4.945
4.965
4.98
4.975
4.99
4.995
5.015
5.005
5
4.99
4.99
5
4.995
5
5.005
5.01
5.025
5.04
5.04
5.03
5.02
5.01
5.02
5.045
5.04
5.03
5.015
5.015
5.025
5.03
5.025
5.025
5.03
5.025
5.045
5.05
5.04
5.03
5.01
5.01
5.035
5.065
5.08
5.07
5.065
5.065
5.06
5.08
5.085
5.09
5.085
5.08
5.095
5.115
5.12
5.115
5.1
5.105
5.125
5.135
5.13
5.13
5.115
5.115
5.13
5.14
5.15
5.14
5.14
5.125
5.135
5.16
5.17
5.16
5.155
5.15
5.145
5.165
5.155
5.155
5.125
5.13
5.145
5.155
5.155
5.145
5.12
5.11
5.115
5.13
5.115
5.1
5.09
5.08
5.08
5.09
5.075
5.065
5.05
5.025
5.035
5.04
5.02
5.01
5.01
5.02
5.025
5.03
5.02
5.005
4.995
4.985
4.985
5
4.995
4.985
4.99
4.97
4.97
4.98
4.98
4.96
4.965
4.955
4.98
5
4.985
4.975
4.965
4.955
4.965
4.975
4.975
4.975
4.95
4.935
4.955
4.96
4.96
4.935
4.935
4.935
4.95
4.96
4.95
4.935
4.93
4.93
4.935
4.935
4.92
4.925
4.925
4.935
4.93
4.93
4.92
4.91
4.91
4.91
4.905
4.895
4.885
4.9
4.885
4.88
4.89
4.905
4.89
4.895
4.895
4.87
4.88
4.9
4.9
4.9
4.885
4.87
4.885
4.885
4.895
4.89
4.87
4.865
4.885
4.915
4.915
4.92
4.915
4.905
4.905
4.9
4.91
4.905
4.89
4.895
4.91
4.925
4.915
4.9
4.89
4.89
4.915
4.925
4.915
4.91
4.905
4.885
4.895
4.905
4.92
4.92
4.925
4.92
4.935
4.935
4.94
4.925
4.915
4.92
4.925
4.935
4.935
4.935
4.915
4.915
4.925
4.93
4.93
4.925
4.92
4.925
4.92
4.935
4.925
4.935
4.92
4.935
4.93
4.94
4.945
4.935
4.93
4.905
4.92
4.94
4.94
4.93
4.915
4.905
4.92
4.925
4.95
4.93
4.925
4.915
4.91
4.945
4.95
4.945
4.925
4.92
4.915
4.925
4.94
4.945
4.94
4.965
4.99
5.005
5.02
5.01
5
5
5.015
5.05
5.06
5.07
5.085
5.095
5.115
5.13
5.145
5.14
5.135
5.115
5.13
5.16
5.16
5.155
5.11
5.07
5.035
5.01
4.97
4.935
4.87
4.83
4.83
4.86
4.885
4.88
4.87
4.86
4.87
4.875
4.865
4.855
4.84
4.85
4.88
4.895
4.87
4.85
4.84
4.855
4.87
4.87
4.885
4.865
4.845
4.85
4.865
4.86
4.865
4.855
4.845
4.855
4.865
4.88
4.875
4.87
4.855
4.85
4.84
4.85
4.835
4.8
4.785
4.77
4.785
4.81
4.81
4.81
4.8
4.755
4.67
4.6
4.575
4.58
4.595
4.58
4.58
4.555
4.495
4.44
4.4
4.385
4.375
4.37
4.33
4.265
4.235
4.235
4.23
4.26
4.295
4.355
4.375
4.395
4.455
4.555
4.625
4.675
4.705
4.745
4.795
4.865
4.89
4.91
4.915
4.92
4.935
4.94
4.95
4.935
4.935
4.935
4.955
4.965
4.965
4.96
4.965
4.975
4.965
4.98
4.97
4.97
4.98
4.97
4.98
4.995
4.97
4.97
4.96
4.97
4.99
5.015
5.015
4.995
5
4.985
4.995
5.015